// BP_AnomalySpawnerPlaceholder2_8
B6F0A734498C5CF2AF611EB0ED94A3DA : struct.begin
   SID = B6F0A734498C5CF2AF611EB0ED94A3DA
   PositionX = 348479.0
   PositionY = 643356.0
   PositionZ = 596.0
   RotatorAngleYaw = 0.0
   RotatorAnglePitch = 0.0
   RotatorAngleRoll = 0.0
   ScaleX = 1.0
   ScaleY = 1.0
   ScaleZ = 1.0
   TextAboveActor =
   SpawnType = ESpawnType::AnomalySpawner
   PresetIndex = 0
   AnomaliesPresets : struct.begin
      [0] : struct.begin
         AnomaliesSpawnData : struct.begin
            [0] : struct.begin
               AnomalySID = ExpulsionAnomaly
               AnomaliesLocationRotation : struct.begin
                  [0] : struct.begin
                     X = 347577.75
                     Y = 644555.0625
                     Z = 547.318665
                     Roll = 0.0
                     Yaw = -90.000053
                     Pitch = 0.0
                  struct.end
                  [1] : struct.begin
                     X = 348448.875
                     Y = 642900.875
                     Z = 725.0
                     Roll = 0.0
                     Yaw = 0.0
                     Pitch = 0.0
                  struct.end
                  [2] : struct.begin
                     X = 349654.5
                     Y = 644116.375
                     Z = 616.0
                     Roll = 0.0
                     Yaw = 0.0
                     Pitch = 0.0
                  struct.end
                  [3] : struct.begin
                     X = 348542.15625
                     Y = 643524.5
                     Z = 849.881592
                     Roll = 0.0
                     Yaw = 123.882942
                     Pitch = 49.788616
                  struct.end
                  [4] : struct.begin
                     X = 348564.78125
                     Y = 643315.0
                     Z = 653.600586
                     Roll = -0.0
                     Yaw = 1.306998
                     Pitch = -0.931849
                  struct.end
               struct.end
            struct.end
         struct.end
      struct.end
   struct.end
struct.end
// BP_AnomalySpawnerPlaceholder5
5A995E0448C402145FF3B9ACE902024B : struct.begin
   SID = 5A995E0448C402145FF3B9ACE902024B
   PositionX = 355156.03125
   PositionY = 641268.3125
   PositionZ = 799.165283
   RotatorAngleYaw = 0.0
   RotatorAnglePitch = 0.0
   RotatorAngleRoll = 0.0
   ScaleX = 1.0
   ScaleY = 1.0
   ScaleZ = 1.0
   TextAboveActor =
   SpawnType = ESpawnType::AnomalySpawner
   PresetIndex = -1
   AnomaliesPresets =
struct.end
// BP_AnomalyPlaceholder2
C7A7726447EA8CFE1E3739926ECF4A8A : struct.begin
   SID = C7A7726447EA8CFE1E3739926ECF4A8A
   PositionX = 345046.0
   PositionY = 645908.0
   PositionZ = 1093.0
   RotatorAngleYaw = 0.0
   RotatorAnglePitch = 0.0
   RotatorAngleRoll = 0.0
   ScaleX = 1.0
   ScaleY = 1.0
   ScaleZ = 1.0
   TextAboveActor =
   SpawnedPrototypeSID = ExpulsionAnomaly
   SpawnType = ESpawnType::Anomaly
struct.end
// BP_AnomalyPlaceholder_2
4DD1E37C4D23780F6F3F368BC4C55241 : struct.begin
   SID = 4DD1E37C4D23780F6F3F368BC4C55241
   PositionX = 345364.0
   PositionY = 646098.0
   PositionZ = 1093.0
   RotatorAngleYaw = 0.0
   RotatorAnglePitch = 0.0
   RotatorAngleRoll = 0.0
   ScaleX = 1.0
   ScaleY = 1.0
   ScaleZ = 1.0
   TextAboveActor =
   SpawnedPrototypeSID = ExpulsionAnomaly
   SpawnType = ESpawnType::Anomaly
struct.end
