// BP_AnomalySpawnerPlaceholder_2
41336BA248EFA0FFB05762BFB395264C : struct.begin
   SID = 41336BA248EFA0FFB05762BFB395264C
   PositionX = 433819.0
   PositionY = 592161.0
   PositionZ = 2002.0
   RotatorAngleYaw = 0.0
   RotatorAnglePitch = 0.0
   RotatorAngleRoll = 0.0
   ScaleX = 1.0
   ScaleY = 1.0
   ScaleZ = 1.0
   TextAboveActor =
   SpawnType = ESpawnType::AnomalySpawner
   PresetIndex = 0
   AnomaliesPresets : struct.begin
      [0] : struct.begin
         AnomaliesSpawnData : struct.begin
            [0] : struct.begin
               AnomalySID = ExpulsionAnomaly
               AnomaliesLocationRotation : struct.begin
                  [0] : struct.begin
                     X = 432575.09375
                     Y = 586632.0
                     Z = 1884.78125
                     Roll = 0.0
                     Yaw = 89.999977
                     Pitch = 0.0
                  struct.end
                  [1] : struct.begin
                     X = 428728.75
                     Y = 586489.1875
                     Z = 1912.390625
                     Roll = 0.000032
                     Yaw = 23.628532
                     Pitch = 2.230562
                  struct.end
                  [2] : struct.begin
                     X = 434141.96875
                     Y = 591324.4375
                     Z = 1989.251099
                     Roll = 0.0
                     Yaw = 0.0
                     Pitch = 0.0
                  struct.end
                  [3] : struct.begin
                     X = 431632.125
                     Y = 600218.5625
                     Z = 2083.390381
                     Roll = 0.000029
                     Yaw = -92.815407
                     Pitch = 1.34037
                  struct.end
                  [4] : struct.begin
                     X = 420334.03125
                     Y = 578220.5
                     Z = 1124.671631
                     Roll = 0.000008
                     Yaw = -164.248352
                     Pitch = -2.566409
                  struct.end
                  [5] : struct.begin
                     X = 438505.8125
                     Y = 589854.3125
                     Z = 2011.005493
                     Roll = -179.999969
                     Yaw = 179.997925
                     Pitch = 0.000014
                  struct.end
                  [6] : struct.begin
                     X = 423641.5625
                     Y = 582988.375
                     Z = 1653.424927
                     Roll = 0.0
                     Yaw = 125.537651
                     Pitch = -7.655337
                  struct.end
                  [7] : struct.begin
                     X = 441352.28125
                     Y = 585961.5
                     Z = 2245.737793
                     Roll = 0.0
                     Yaw = 0.0
                     Pitch = 0.0
                  struct.end
                  [8] : struct.begin
                     X = 424969.3125
                     Y = 607143.5625
                     Z = 673.148438
                     Roll = 0.0
                     Yaw = 0.0
                     Pitch = 0.0
                  struct.end
                  [9] : struct.begin
                     X = 428391.96875
                     Y = 590028.9375
                     Z = 2808.993164
                     Roll = -179.999985
                     Yaw = -179.588898
                     Pitch = -6.107882
                  struct.end
               struct.end
            struct.end
         struct.end
      struct.end
   struct.end
struct.end
