// BP_AnomalySpawnerPlaceholder9_2
3B6CE0104E2DDC1AD57FAF99BFCC9880 : struct.begin
   SID = 3B6CE0104E2DDC1AD57FAF99BFCC9880
   PositionX = 418069.03125
   PositionY = 601520.0625
   PositionZ = 1058.383301
   RotatorAngleYaw = 0.0
   RotatorAnglePitch = 0.0
   RotatorAngleRoll = 0.0
   ScaleX = 1.0
   ScaleY = 1.0
   ScaleZ = 1.0
   TextAboveActor =
   SpawnType = ESpawnType::AnomalySpawner
   PresetIndex = 0
   AnomaliesPresets : struct.begin
      [0] : struct.begin
         AnomaliesSpawnData : struct.begin
            [0] : struct.begin
               AnomalySID = ExpulsionAnomaly
               AnomaliesLocationRotation : struct.begin
                  [0] : struct.begin
                     X = 416937.84375
                     Y = 604407.375
                     Z = 829.44043
                     Roll = 0.0
                     Yaw = -33.690113
                     Pitch = -9.592925
                  struct.end
                  [1] : struct.begin
                     X = 418872.65625
                     Y = 602787.8125
                     Z = 854.158875
                     Roll = 0.0
                     Yaw = 6.716547
                     Pitch = -49.272823
                  struct.end
                  [2] : struct.begin
                     X = 419316.34375
                     Y = 602676.625
                     Z = 788.994629
                     Roll = -0.0
                     Yaw = 71.565033
                     Pitch = -11.179995
                  struct.end
                  [3] : struct.begin
                     X = 416126.46875
                     Y = 598607.4375
                     Z = 516.304077
                     Roll = 0.000001
                     Yaw = -62.927963
                     Pitch = -21.545128
                  struct.end
                  [4] : struct.begin
                     X = 418969.65625
                     Y = 598033.5
                     Z = 681.295227
                     Roll = 0.0
                     Yaw = -56.309826
                     Pitch = -6.428587
                  struct.end
                  [5] : struct.begin
                     X = 418858.90625
                     Y = 598832.75
                     Z = 865.243591
                     Roll = 0.0
                     Yaw = 135.98848
                     Pitch = -18.806816
                  struct.end
                  [6] : struct.begin
                     X = 419144.09375
                     Y = 604851.9375
                     Z = 683.350769
                     Roll = 0.0
                     Yaw = -44.99963
                     Pitch = -0.633022
                  struct.end
                  [7] : struct.begin
                     X = 421670.03125
                     Y = 601520.0625
                     Z = 779.862793
                     Roll = -0.0
                     Yaw = -126.869858
                     Pitch = -8.880673
                  struct.end
                  [8] : struct.begin
                     X = 414824.75
                     Y = 600204.1875
                     Z = 997.449097
                     Roll = 0.0
                     Yaw = -95.194466
                     Pitch = -14.51385
                  struct.end
                  [9] : struct.begin
                     X = 418409.0
                     Y = 603186.75
                     Z = 709.851868
                     Roll = 0.0
                     Yaw = 160.930771
                     Pitch = -33.804474
                  struct.end
               struct.end
            struct.end
         struct.end
      struct.end
   struct.end
struct.end
