// BP_AnomalySpawnerPlaceholder3_2
2E1AADF1423549526E51838735A6B845 : struct.begin
   SID = 2E1AADF1423549526E51838735A6B845
   PositionX = 536335.0
   PositionY = 519955.0
   PositionZ = 370.0
   RotatorAngleYaw = 0.0
   RotatorAnglePitch = 0.0
   RotatorAngleRoll = 0.0
   ScaleX = 1.0
   ScaleY = 1.0
   ScaleZ = 1.0
   TextAboveActor = 
   SpawnType = ESpawnType::AnomalySpawner
   PresetIndex = 0
   AnomaliesPresets : struct.begin
      [0] : struct.begin
         AnomaliesSpawnData : struct.begin
            [0] : struct.begin
               AnomalySID = ExpulsionAnomaly
               AnomaliesLocationRotation : struct.begin
                  [0] : struct.begin
                     X = 536545.0
                     Y = 519500.15625
                     Z = 394.371155
                     Roll = 179.999969
                     Yaw = -150.255234
                     Pitch = -3.604086
                  struct.end
                  [1] : struct.begin
                     X = 537536.0
                     Y = 519955.0
                     Z = 425.195557
                     Roll = -179.999969
                     Yaw = 170.537445
                     Pitch = -2.720758
                  struct.end
                  [2] : struct.begin
                     X = 535808.3125
                     Y = 519665.53125
                     Z = 367.95752
                     Roll = -0.00005
                     Yaw = -129.805511
                     Pitch = -3.491695
                  struct.end
                  [3] : struct.begin
                     X = 536585.875
                     Y = 520609.5625
                     Z = 395.075928
                     Roll = -179.999969
                     Yaw = 170.537445
                     Pitch = -2.720758
                  struct.end
                  [4] : struct.begin
                     X = 535422.0
                     Y = 520735.3125
                     Z = 356.453125
                     Roll = 0.000003
                     Yaw = 179.999756
                     Pitch = -1.342583
                  struct.end
                  [5] : struct.begin
                     X = 536481.75
                     Y = 521247.6875
                     Z = 380.956635
                     Roll = -0.00006
                     Yaw = 109.98307
                     Pitch = -5.22478
                  struct.end
                  [6] : struct.begin
                     X = 536186.875
                     Y = 520433.59375
                     Z = 381.308624
                     Roll = 0.000004
                     Yaw = 179.999756
                     Pitch = -1.789878
                  struct.end
                  [7] : struct.begin
                     X = 536252.4375
                     Y = 519771.71875
                     Z = 386.14212
                     Roll = 0.000002
                     Yaw = 179.999893
                     Pitch = -2.236969
                  struct.end
               struct.end
            struct.end
         struct.end
      struct.end
   struct.end
struct.end
