// BP_AnomalySpawnerPlaceholder_2
98B359DE40D95C2F423DAF818DD8BF27 : struct.begin
   SID = 98B359DE40D95C2F423DAF818DD8BF27
   PositionX = 518210.0
   PositionY = 519155.0
   PositionZ = 850.0
   RotatorAngleYaw = 0.0
   RotatorAnglePitch = 0.0
   RotatorAngleRoll = 0.0
   ScaleX = 1.0
   ScaleY = 1.0
   ScaleZ = 1.0
   TextAboveActor =
   SpawnType = ESpawnType::AnomalySpawner
   PresetIndex = 0
   AnomaliesPresets : struct.begin
      [0] : struct.begin
         AnomaliesSpawnData : struct.begin
            [0] : struct.begin
               AnomalySID = ExpulsionAnomaly
               AnomaliesLocationRotation : struct.begin
                  [0] : struct.begin
                     X = 517535.4375
                     Y = 517513.46875
                     Z = 544.341064
                     Roll = 0.000043
                     Yaw = 26.565443
                     Pitch = -1.000821
                  struct.end
                  [1] : struct.begin
                     X = 518457.09375
                     Y = 519410.09375
                     Z = 537.761963
                     Roll = 0.000003
                     Yaw = -20.555929
                     Pitch = -3.818847
                  struct.end
                  [2] : struct.begin
                     X = 517579.0
                     Y = 518112.53125
                     Z = 546.566406
                     Roll = 0.000009
                     Yaw = -14.036153
                     Pitch = -1.844971
                  struct.end
                  [3] : struct.begin
                     X = 518464.5625
                     Y = 517288.40625
                     Z = 542.909668
                     Roll = -0.000061
                     Yaw = 82.874931
                     Pitch = -3.604093
                  struct.end
                  [4] : struct.begin
                     X = 517931.8125
                     Y = 518926.78125
                     Z = 542.907654
                     Roll = -0.0
                     Yaw = -54.462181
                     Pitch = -3.844816
                  struct.end
                  [5] : struct.begin
                     X = 517613.125
                     Y = 519010.875
                     Z = 554.807556
                     Roll = -0.000061
                     Yaw = -63.435036
                     Pitch = -5.983634
                  struct.end
                  [6] : struct.begin
                     X = 517543.75
                     Y = 517211.75
                     Z = 560.011719
                     Roll = 0.000031
                     Yaw = 50.194473
                     Pitch = -6.957667
                  struct.end
                  [7] : struct.begin
                     X = 517055.125
                     Y = 518818.21875
                     Z = 580.932556
                     Roll = -0.00003
                     Yaw = -14.036337
                     Pitch = -3.686123
                  struct.end
                  [8] : struct.begin
                     X = 517293.9375
                     Y = 519139.375
                     Z = 600.891235
                     Roll = -0.000031
                     Yaw = -58.172405
                     Pitch = -14.930902
                  struct.end
               struct.end
            struct.end
         struct.end
      struct.end
   struct.end
struct.end
