// BP_AnomalySpawnerPlaceholder6
70964460407D57AAC44870816DFA06E3 : struct.begin
   SID = 70964460407D57AAC44870816DFA06E3
   SpawnOnStart = true
   PositionX = 354948.5
   PositionY = 583525.5625
   PositionZ = 668.090698
   RotatorAngleYaw = 0.0
   RotatorAnglePitch = 0.0
   RotatorAngleRoll = 0.0
   ScaleX = 1.0
   ScaleY = 1.0
   ScaleZ = 1.0
   TextAboveActor =
   SpawnType = ESpawnType::AnomalySpawner
   PresetIndex = 0
   AnomaliesPresets : struct.begin
      [0] : struct.begin
         AnomaliesSpawnData : struct.begin
            [0] : struct.begin
               AnomalySID = ExpulsionAnomaly
               AnomaliesLocationRotation : struct.begin
                  [0] : struct.begin
                     X = 355120.21875
                     Y = 583628.125
                     Z = 197.682343
                     Roll = 0.0
                     Yaw = -156.43129
                     Pitch = -13.803429
                  struct.end
                  [1] : struct.begin
                     X = 354868.5
                     Y = 583465.5625
                     Z = 198.209259
                     Roll = 0.0
                     Yaw = -35.146187
                     Pitch = -1.951508
                  struct.end
                  [2] : struct.begin
                     X = 354650.625
                     Y = 583561.1875
                     Z = 188.782623
                     Roll = -0.0
                     Yaw = -4.95154
                     Pitch = -26.277369
                  struct.end
                  [3] : struct.begin
                     X = 354919.40625
                     Y = 583824.125
                     Z = 688.090698
                     Roll = 0.0
                     Yaw = 0.0
                     Pitch = 0.0
                  struct.end
                  [4] : struct.begin
                     X = 354748.5
                     Y = 583179.125
                     Z = 688.090698
                     Roll = 0.0
                     Yaw = 0.0
                     Pitch = 0.0
                  struct.end
               struct.end
            struct.end
         struct.end
      struct.end
   struct.end
struct.end
