// BP_AnomalySpawnerPlaceholder3
A554B44249E8D515AA7576B32B9C956C : struct.begin
   SID = A554B44249E8D515AA7576B32B9C956C
   SpawnOnStart = true
   PositionX = 364877.71875
   PositionY = 597014.1875
   PositionZ = 373.164612
   RotatorAngleYaw = 0.0
   RotatorAnglePitch = 0.0
   RotatorAngleRoll = 0.0
   ScaleX = 1.0
   ScaleY = 1.0
   ScaleZ = 1.0
   TextAboveActor =
   SpawnType = ESpawnType::AnomalySpawner
   PresetIndex = 0
   AnomaliesPresets : struct.begin
      [0] : struct.begin
         AnomaliesSpawnData : struct.begin
            [0] : struct.begin
               AnomalySID = FireAnomaly
               AnomaliesLocationRotation : struct.begin
                  [0] : struct.begin
                     X = 364037.71875
                     Y = 596691.0625
                     Z = 120.567993
                     Roll = 0.0
                     Yaw = -135.0
                     Pitch = -12.460485
                  struct.end
                  [1] : struct.begin
                     X = 364889.84375
                     Y = 597614.0625
                     Z = 107.489258
                     Roll = -0.000001
                     Yaw = -57.094677
                     Pitch = -17.556454
                  struct.end
                  [2] : struct.begin
                     X = 365375.625
                     Y = 597059.9375
                     Z = 131.695831
                     Roll = 0.0
                     Yaw = 89.999985
                     Pitch = 0.0
                  struct.end
                  [3] : struct.begin
                     X = 365418.96875
                     Y = 597458.0625
                     Z = 110.662262
                     Roll = -0.0
                     Yaw = 130.236298
                     Pitch = -14.900262
                  struct.end
                  [4] : struct.begin
                     X = 365453.21875
                     Y = 596844.5
                     Z = 123.085602
                     Roll = 0.0
                     Yaw = -171.469238
                     Pitch = -8.978427
                  struct.end
                  [5] : struct.begin
                     X = 364915.78125
                     Y = 595714.75
                     Z = 209.916336
                     Roll = 0.0
                     Yaw = 88.210075
                     Pitch = -14.042848
                  struct.end
                  [6] : struct.begin
                     X = 364908.0
                     Y = 597211.875
                     Z = 128.029938
                     Roll = 0.0
                     Yaw = 137.489426
                     Pitch = -14.270963
                  struct.end
                  [7] : struct.begin
                     X = 366128.0625
                     Y = 597644.0
                     Z = 94.687073
                     Roll = -0.0
                     Yaw = -50.710655
                     Pitch = -12.520658
                  struct.end
               struct.end
            struct.end
         struct.end
      struct.end
   struct.end
struct.end
