// BP_AnomalySpawnerPlaceholder2
D633415642D5C6DBD9A224AB6AD03C35 : struct.begin
   SID = D633415642D5C6DBD9A224AB6AD03C35
   SpawnOnStart = true
   PositionX = 363512.0
   PositionY = 585374.0
   PositionZ = 1094.660522
   RotatorAngleYaw = 0.0
   RotatorAnglePitch = 0.0
   RotatorAngleRoll = -5.000002
   ScaleX = 1.0
   ScaleY = 1.0
   ScaleZ = 1.0
   TextAboveActor =
   SpawnType = ESpawnType::AnomalySpawner
   PresetIndex = 0
   AnomaliesPresets : struct.begin
      [0] : struct.begin
         AnomaliesSpawnData : struct.begin
            [0] : struct.begin
               AnomalySID = FireAnomaly
               AnomaliesLocationRotation : struct.begin
                  [0] : struct.begin
                     X = 363499.875
                     Y = 585174.375
                     Z = 820.96521
                     Roll = 0.000003
                     Yaw = -15.945395
                     Pitch = -6.489594
                  struct.end
                  [1] : struct.begin
                     X = 363340.28125
                     Y = 585476.5625
                     Z = 842.022705
                     Roll = 0.000001
                     Yaw = 0.000031
                     Pitch = -8.88068
                  struct.end
                  [2] : struct.begin
                     X = 363448.28125
                     Y = 585667.125
                     Z = 832.685303
                     Roll = 0.000003
                     Yaw = -12.528815
                     Pitch = -8.197394
                  struct.end
                  [3] : struct.begin
                     X = 363777.34375
                     Y = 585513.9375
                     Z = 780.218628
                     Roll = 0.000002
                     Yaw = -18.434925
                     Pitch = -8.431643
                  struct.end
                  [4] : struct.begin
                     X = 363721.3125
                     Y = 585828.0625
                     Z = 796.028564
                     Roll = 0.000003
                     Yaw = -7.124992
                     Pitch = -7.179881
                  struct.end
                  [5] : struct.begin
                     X = 363572.0
                     Y = 585454.0
                     Z = 810.129272
                     Roll = 0.000003
                     Yaw = -12.528815
                     Pitch = -8.197394
                  struct.end
                  [6] : struct.begin
                     X = 363452.96875
                     Y = 585870.5
                     Z = 835.656982
                     Roll = 0.000001
                     Yaw = -6.34017
                     Pitch = -8.053359
                  struct.end
                  [7] : struct.begin
                     X = 363982.125
                     Y = 585203.8125
                     Z = 754.093994
                     Roll = -0.0
                     Yaw = 28.610462
                     Pitch = -11.077323
                  struct.end
                  [8] : struct.begin
                     X = 363124.96875
                     Y = 585273.0
                     Z = 846.408081
                     Roll = 0.0
                     Yaw = -119.054634
                     Pitch = -9.138854
                  struct.end
               struct.end
            struct.end
         struct.end
      struct.end
   struct.end
struct.end
