// BP_FogVolumeTrigger_C_UAID_E89C25C4A1EEBC2202_1204112712
8976B05643514BB64A18CF977439E4CC : struct.begin
   SID = 8976B05643514BB64A18CF977439E4CC
   SpawnOnStart = true
   PositionX = 237286.611836
   PositionY = 142187.349269
   PositionZ = -2673.318548
   RotatorAngleYaw = 10.913626
   RotatorAnglePitch = 0.0
   RotatorAngleRoll = 0.0
   ScaleX = 4064.709854
   ScaleY = 5032.496262
   ScaleZ = 2132.165337
   TextAboveActor =
   DLC = None
   LevelName = WorldMap_WP
   PlaceholderActorGuid = 41KPN711SR4S9D89J2KRJ60J5
   PlaceholderMapPath = /Game/_Stalker_2/maps/_Stalker2_WorldMap/WorldMap_WP
   SpawnType = ESpawnType::FogVolume
   TriggerShape = ETriggerShape::Box
   Priority = 999
   FogDensity = 0.1
   FogDensitySecondFogData = 0.05
   FogDensitySecond = 0.05
struct.end